3
372
30 74
0 18
61 63
0 21
0 28
20 77
0 32
61 78
61 79
6 89
20 90
0 44
61 89
61 90
41 51
41 54
41 60
21 23
0 76
0 78
0 82
21 31
82 90
21 51
21 56
21 59
1 15
3 62
62 71
21 81
62 85
1 42
42 44
1 62
1 67
42 69
1 75
22 29
42 82
83 84
20 80
42 91
83 92
22 52
2 9
22 64
63 64
63 71
2 30
22 81
63 83
83 96
63 94
63 96
61 86
27 73
2 57
2 59
43 71
23 24
2 97
3 5
23 64
3 22
3 36
23 92
3 47
64 92
51 79
3 57
44 58
3 68
21 30
24 31
24 40
44 91
44 95
4 5
4 7
4 11
24 73
65 74
65 82
24 89
24 93
24 94
24 95
45 46
45 48
41 72
45 61
4 66
4 72
45 75
25 31
25 32
4 91
25 41
86 91
25 51
86 98
25 63
25 65
5 18
25 67
24 78
66 78
5 43
66 90
66 92
3 99
66 99
5 65
5 76
26 27
26 29
46 80
46 84
26 38
5 95
5 96
46 94
46 96
6 12
26 79
4 47
67 87
24 98
47 71
47 74
72 81
47 85
27 42
47 92
88 97
88 98
7 14
7 19
7 21
7 25
27 76
27 77
7 30
68 87
27 95
7 52
48 54
38 81
48 57
48 58
1 27
48 64
8 11
7 81
28 30
48 84
62 77
89 95
28 55
28 59
28 60
8 17
69 70
28 76
69 73
28 86
8 42
69 91
8 50
49 52
49 58
8 72
49 69
49 76
8 83
29 38
8 95
49 92
29 49
4 93
29 67
29 70
70 75
9 35
70 82
9 39
9 46
26 91
29 99
9 61
50 62
50 64
9 71
9 72
50 71
9 82
50 92
50 94
28 98
10 19
10 26
10 37
30 95
30 98
30 99
10 58
10 59
10 60
10 65
10 83
51 80
31 36
31 44
51 93
51 95
51 96
31 56
11 16
31 79
11 36
31 85
72 82
11 39
72 86
8 73
11 44
11 88
52 85
52 88
11 94
32 54
32 55
56 63
32 66
32 73
32 84
73 83
73 96
73 99
12 60
53 64
53 70
53 74
53 81
33 46
53 97
13 16
33 65
13 26
33 79
13 36
33 86
74 86
13 45
13 48
13 50
54 60
54 69
54 77
34 38
54 92
13 98
34 60
14 20
34 71
34 80
14 37
14 40
14 41
75 89
34 94
75 93
14 50
14 58
14 85
35 38
55 87
55 93
35 49
35 52
35 56
35 61
35 77
35 85
76 82
15 41
15 42
76 89
23 70
35 98
15 66
12 85
56 65
15 71
36 39
56 89
15 94
15 95
15 96
56 98
56 99
36 65
36 69
16 27
16 29
16 54
57 62
57 63
16 75
37 39
57 99
37 52
37 56
17 23
37 74
17 36
78 86
78 91
37 96
37 97
78 94
17 52
33 64
58 60
17 66
58 69
17 74
17 78
58 77
84 89
17 89
17 90
17 93
38 44
38 49
6 43
18 26
38 76
18 33
18 40
18 41
13 31
18 57
59 61
59 68
33 84
18 79
59 88
39 47
59 99
39 79
39 81
91 97
39 87
80 90
19 47
19 57
19 62
19 65
60 68
19 79
19 80
19 89
40 45
19 98
23 84
20 22
40 72
40 74
20 34
81 85
40 95
376
40 98
20 72
61 71
61 72
20 77
61 78
0 37
20 87
20 93
0 50
0 53
61 98
54 71
0 60
0 67
47 90
41 69
21 26
0 80
0 92
41 94
82 91
21 48
1 6
21 55
1 11
62 81
21 86
62 84
1 41
21 94
42 43
42 46
71 95
42 63
22 23
1 76
37 84
22 28
22 32
22 48
2 5
22 61
2 19
2 20
2 22
2 25
22 77
22 82
63 80
22 85
22 95
22 96
63 96
78 93
43 56
2 63
43 70
23 24
2 83
23 34
43 89
61 94
23 50
7 33
23 52
23 58
23 59
3 17
3 20
64 65
23 71
64 77
3 36
3 38
23 89
23 91
64 88
44 45
3 56
44 62
14 27
17 69
44 85
24 40
24 42
3 95
44 92
85 89
3 99
85 94
41 63
4 12
31 42
24 73
24 76
79 93
24 80
65 77
24 84
65 85
4 47
4 62
45 59
45 61
4 69
4 79
25 40
4 25
5 19
5 24
66 72
66 89
25 95
46 51
5 60
5 65
5 76
46 74
26 28
5 82
26 33
46 82
26 36
26 37
5 90
5 95
26 46
87 97
26 65
26 69
26 72
67 69
26 79
6 33
82 98
67 90
26 96
6 58
47 55
47 58
7 94
47 83
6 94
88 93
88 94
7 14
68 77
68 81
7 38
68 83
27 99
48 75
48 78
48 80
28 35
28 36
28 37
28 42
7 95
89 90
48 96
48 98
28 55
8 9
8 17
8 28
28 80
8 35
69 80
8 42
69 89
8 48
11 66
69 98
49 51
8 63
49 64
28 76
8 74
8 79
65 76
8 88
29 39
29 49
4 92
29 59
9 17
8 36
9 36
29 86
70 86
50 51
9 56
9 57
9 63
9 73
50 70
50 72
50 85
50 91
9 98
91 95
30 52
30 53
30 54
10 13
30 66
10 19
30 68
71 80
10 37
9 21
30 90
10 45
71 91
30 96
10 49
42 71
71 98
51 56
31 37
51 90
31 45
92 99
11 13
11 18
11 21
72 75
31 82
11 44
72 89
11 47
31 98
11 54
52 55
52 60
52 62
52 88
32 47
42 96
32 51
32 54
32 64
12 24
32 77
12 31
73 76
32 83
12 36
12 47
32 96
12 51
12 57
12 61
73 79
53 83
53 88
33 53
33 78
33 79
74 76
33 92
74 89
74 90
13 48
74 93
74 94
13 55
13 56
13 60
73 95
13 68
54 67
13 75
54 74
54 75
54 88
34 53
34 60
34 63
53 57
14 25
34 75
34 79
34 81
34 89
14 43
75 89
75 90
34 95
34 98
75 97
55 66
14 78
46 84
55 83
55 84
55 92
35 52
96 98
35 55
35 60
35 65
35 66
15 21
35 73
15 35
35 93
15 46
76 91
76 94
15 51
15 56
15 63
56 61
15 86
15 91
36 42
27 81
36 55
36 63
77 79
16 35
36 91
16 44
16 56
16 66
57 65
16 75
57 79
37 42
57 91
57 93
37 48
37 66
17 28
37 83
17 36
17 37
9 74
17 50
58 62
58 65
17 71
58 71
58 73
17 82
17 96
38 46
18 20
38 69
16 69
38 81
18 49
18 67
18 70
39 40
39 59
39 80
80 82
80 84
19 61
19 62
60 73
19 80
60 79
19 84
60 82
40 45
60 96
40 70
40 73
40 75
40 82
40 95
369
20 61
0 17
61 64
20 70
20 72
20 73
0 28
0 31
0 36
61 81
61 84
61 85
0 44
41 42
0 78
41 79
82 85
21 44
21 46
1 2
82 97
21 56
62 65
21 72
62 74
1 33
62 81
21 86
21 92
1 45
1 47
42 45
13 91
1 58
1 62
1 63
1 71
42 71
22 26
42 82
1 92
2 3
2 4
2 6
22 67
63 64
63 66
2 29
2 32
2 33
63 81
63 82
2 39
22 92
22 95
43 45
43 46
43 50
61 90
23 39
3 90
23 42
2 96
68 76
43 94
23 50
43 99
3 93
3 13
23 62
64 66
23 71
64 68
64 69
64 74
64 80
64 82
23 89
3 45
23 96
3 55
44 60
3 68
27 93
44 73
3 81
24 38
24 39
24 40
44 89
3 99
85 96
85 98
24 57
24 59
24 62
4 15
65 66
4 27
24 78
4 31
51 93
24 89
65 88
45 47
4 53
45 57
4 74
4 75
4 76
4 81
25 33
45 82
25 39
25 42
0 83
25 48
25 57
5 19
5 24
66 71
66 78
25 85
25 86
5 41
25 90
66 89
5 46
66 92
46 50
38 48
46 59
5 71
0 96
46 79
5 84
5 86
5 89
46 88
26 43
5 97
6 14
6 17
26 74
6 32
26 82
6 39
6 40
26 97
47 57
6 63
47 65
6 82
27 33
47 82
6 95
6 97
88 94
27 53
7 8
7 15
27 65
7 23
68 72
7 32
7 36
68 81
27 89
7 45
68 99
7 61
7 63
7 64
48 61
7 72
7 73
1 30
48 81
28 40
48 93
62 77
48 96
28 49
89 99
8 13
28 72
75 97
69 83
8 43
69 95
69 97
49 55
8 70
49 70
8 76
8 83
29 34
9 15
29 77
70 91
9 51
9 53
69 87
9 67
50 66
50 78
50 90
30 43
30 53
30 69
30 99
71 96
51 58
18 85
10 73
51 70
10 79
31 32
31 37
31 43
31 44
66 68
10 99
31 75
31 83
31 94
8 74
11 50
52 53
11 61
11 76
66 82
11 87
52 87
32 40
32 47
32 50
32 51
32 68
12 26
32 75
12 28
66 90
12 30
12 33
12 37
73 83
12 46
73 96
12 53
12 63
53 76
12 90
33 40
33 47
33 56
33 63
13 18
52 95
13 42
13 44
13 63
13 64
54 71
13 76
13 81
54 82
54 87
13 92
34 57
14 27
75 78
75 93
34 98
14 53
14 55
14 59
14 61
55 59
14 64
19 51
14 68
55 70
14 81
14 86
55 90
2 49
35 46
35 49
35 51
15 17
15 18
15 19
5 95
35 78
63 93
76 86
35 93
76 94
36 74
15 68
56 73
15 78
15 90
56 89
36 45
56 95
16 20
18 27
16 26
36 85
36 92
12 99
16 60
57 67
16 77
16 88
57 89
57 90
37 47
37 49
57 99
37 54
37 56
17 21
17 27
40 46
17 50
17 51
58 61
58 68
58 72
58 76
58 85
58 96
38 59
43 98
38 74
38 75
18 28
18 35
18 38
38 92
18 71
59 73
59 75
59 78
3 14
59 83
59 93
39 52
39 72
35 42
19 36
39 86
80 84
80 91
39 99
60 67
19 88
60 94
40 47
40 50
40 56
53 86
40 75
20 33
20 35
20 39
